Time	UE Id	DistanceX	DistanceY
0.1	0	-99.8792	-49.7196
0.1	1	-149.683	-29.7852
0.1	2	-169.992	-38.3191
0.2	0	-99.7583	-49.4391
0.2	1	-149.367	-29.5705
0.2	2	-169.985	-38.6382
0.3	0	-99.6375	-49.1587
0.3	1	-149.312	-29.4976
0.3	2	-169.977	-38.9573
0.4	0	-99.7934	-49.1009
0.4	1	-149.673	-29.6502
0.4	2	-169.775	-39.2607
0.5	0	-100.054	-49.1274
0.5	1	-150.034	-29.8028
0.5	2	-169.544	-39.5617
0.6	0	-100.315	-49.154
0.6	1	-150.276	-29.8522
0.6	2	-169.411	-39.8499
0.7	0	-100.576	-49.1805
0.7	1	-150.494	-29.8812
0.7	2	-169.604	-40.096
0.8	0	-100.947	-49.2077
0.8	1	-150.712	-29.9101
0.8	2	-169.796	-40.3421
0.9	0	-101.329	-49.235
0.9	1	-150.93	-29.9391
0.9	2	-169.976	-40.5872
1	0	-101.605	-49.3526
1	1	-151.12	-29.9101
1	2	-169.777	-40.7976
1.1	0	-101.634	-49.6815
1.1	1	-151.242	-29.7399
1.1	2	-169.577	-41.008
1.2	0	-101.662	-50.0103
1.2	1	-151.364	-29.5698
1.2	2	-169.377	-41.2184
1.3	0	-101.719	-50.1882
1.3	1	-151.486	-29.3997
1.3	2	-169.436	-41.4486
1.4	0	-101.849	-49.9585
1.4	1	-151.608	-29.2295
1.4	2	-169.679	-41.693
1.5	0	-101.979	-49.7289
1.5	1	-151.762	-29.2168
1.5	2	-169.922	-41.9374
1.6	0	-102.109	-49.4993
1.6	1	-151.947	-29.3531
1.6	2	-170.072	-41.8003
1.7	0	-102.175	-49.188
1.7	1	-152.132	-29.4894
1.7	2	-170.178	-41.4856
1.8	0	-102.172	-48.7891
1.8	1	-152.317	-29.6257
1.8	2	-170.284	-41.1709
1.9	0	-102.169	-48.3902
1.9	1	-152.46	-29.6947
1.9	2	-170.523	-41.0401
2	0	-101.809	-48.2408
2	1	-152.388	-29.4114
2	2	-170.826	-40.9994
2.1	0	-101.44	-48.0976
2.1	1	-152.315	-29.1281
2.1	2	-171.13	-40.9588
2.2	0	-101.207	-47.8589
2.2	1	-152.242	-28.8448
2.2	2	-171.251	-41.0058
2.3	0	-101.142	-47.503
2.3	1	-152.338	-28.5778
2.3	2	-171.107	-41.1802
2.4	0	-101.076	-47.1471
2.4	1	-152.492	-28.3164
2.4	2	-170.963	-41.3545
2.5	0	-100.983	-46.9174
2.5	1	-152.647	-28.0549
2.5	2	-170.819	-41.5288
2.6	0	-100.877	-46.7455
2.6	1	-152.802	-27.7687
2.6	2	-170.675	-41.7031
2.7	0	-100.772	-46.5736
2.7	1	-152.959	-27.4522
2.7	2	-170.507	-41.4669
2.8	0	-100.666	-46.4017
2.8	1	-153.115	-27.1356
2.8	2	-170.339	-41.2246
2.9	0	-100.561	-46.2298
2.9	1	-153.261	-26.8044
2.9	2	-170.17	-40.9823
3	0	-100.478	-46.0115
3	1	-153.4	-26.4642
3	2	-170.187	-41.0009
3.1	0	-100.405	-45.7758
3.1	1	-153.539	-26.1239
3.1	2	-170.329	-41.196
3.2	0	-100.331	-45.5401
3.2	1	-153.26	-26.191
3.2	2	-170.471	-41.3911
3.3	0	-100.257	-45.3044
3.3	1	-152.933	-26.3048
3.3	2	-170.613	-41.5862
3.4	0	-100.127	-45.0326
3.4	1	-152.609	-26.4128
3.4	2	-170.826	-41.8007
3.5	0	-99.9699	-44.7439
3.5	1	-152.574	-26.0517
3.5	2	-171.123	-42.0385
3.6	0	-99.8128	-44.4551
3.6	1	-152.539	-25.6906
3.6	2	-171.421	-42.2763
3.7	0	-99.9397	-44.2006
3.7	1	-152.467	-25.4499
3.7	2	-171.597	-42.203
3.8	0	-100.229	-43.9655
3.8	1	-152.289	-25.5596
3.8	2	-171.748	-42.0649
3.9	0	-100.517	-43.7304
3.9	1	-152.11	-25.6693
3.9	2	-171.899	-41.9268
4	0	-100.669	-43.5154
4	1	-151.931	-25.779
4	2	-172.049	-41.7888
4.1	0	-100.813	-43.3013
4.1	1	-151.752	-25.8888
4.1	2	-172.2	-41.6507
4.2	0	-100.958	-43.0873
4.2	1	-151.652	-25.7799
4.2	2	-172.34	-41.4452
4.3	0	-101.069	-42.877
4.3	1	-151.634	-25.4422
4.3	2	-172.48	-41.2351
4.4	0	-100.794	-42.7106
4.4	1	-151.616	-25.1046
4.4	2	-172.62	-41.025
4.5	0	-100.518	-42.5442
4.5	1	-151.535	-24.7938
4.5	2	-172.76	-40.815
4.6	0	-100.243	-42.3777
4.6	1	-151.399	-24.5067
4.6	2	-172.64	-40.598
4.7	0	-100.536	-42.5725
4.7	1	-151.262	-24.2195
4.7	2	-172.513	-40.3808
4.8	0	-100.846	-42.7779
4.8	1	-151.228	-24.165
4.8	2	-172.387	-40.1637
4.9	0	-101.115	-42.9626
4.9	1	-151.358	-24.4801
4.9	2	-172.26	-39.9465
5	0	-101.281	-43.0941
5	1	-151.488	-24.7953
5	2	-171.964	-39.832
5.1	0	-101.447	-43.2256
5.1	1	-151.611	-24.8278
5.1	2	-171.668	-39.7178
5.2	0	-101.613	-43.357
5.2	1	-151.726	-24.5171
5.2	2	-171.372	-39.6037
5.3	0	-101.779	-43.4885
5.3	1	-151.841	-24.2065
5.3	2	-171.492	-39.456
5.4	0	-101.713	-43.6826
5.4	1	-151.816	-24.0226
5.4	2	-171.687	-39.3021
5.5	0	-101.463	-43.9261
5.5	1	-151.607	-24.005
5.5	2	-171.882	-39.1483
5.6	0	-101.214	-44.1697
5.6	1	-151.399	-23.9873
5.6	2	-172.078	-38.9945
5.7	0	-101.384	-44.1938
5.7	1	-151.19	-23.9697
5.7	2	-172.244	-39.0954
5.8	0	-101.742	-44.1199
5.8	1	-150.982	-23.952
5.8	2	-172.404	-39.25
5.9	0	-102.1	-44.046
5.9	1	-150.759	-24.0365
5.9	2	-172.564	-39.4047
6	0	-102.124	-43.685
6	1	-150.529	-24.1752
6	2	-172.723	-39.5594
6.1	0	-102.133	-43.3102
6.1	1	-150.298	-24.3138
6.1	2	-172.944	-39.6942
6.2	0	-102.245	-43.0294
6.2	1	-150.068	-24.4524
6.2	2	-173.29	-39.7886
6.3	0	-102.613	-42.9821
6.3	1	-149.849	-24.7504
6.3	2	-173.636	-39.8831
6.4	0	-102.982	-42.9349
6.4	1	-149.632	-25.0599
6.4	2	-173.676	-40.0075
6.5	0	-103.072	-43.0561
6.5	1	-149.381	-25.3293
6.5	2	-173.455	-40.1577
6.6	0	-102.973	-43.2919
6.6	1	-149.05	-25.5006
6.6	2	-173.234	-40.3079
6.7	0	-102.874	-43.5277
6.7	1	-148.72	-25.6718
6.7	2	-173.013	-40.4581
6.8	0	-102.775	-43.7635
6.8	1	-148.518	-25.9395
6.8	2	-172.83	-40.6494
6.9	0	-102.611	-43.935
6.9	1	-148.4	-26.2701
6.9	2	-172.657	-40.8513
7	0	-102.417	-44.0769
7	1	-148.283	-26.6008
7	2	-172.484	-41.0532
7.1	0	-102.223	-44.2189
7.1	1	-148.223	-26.8964
7.1	2	-172.317	-41.2378
7.2	0	-102.029	-44.3608
7.2	1	-148.182	-27.1806
7.2	2	-172.306	-40.9608
7.3	0	-101.839	-44.5561
7.3	1	-148.141	-27.4649
7.3	2	-172.296	-40.6838
7.4	0	-101.652	-44.7996
7.4	1	-148.007	-27.6637
7.4	2	-172.285	-40.4067
7.5	0	-101.466	-45.043
7.5	1	-147.623	-27.635
7.5	2	-172.3	-40.3713
7.6	0	-101.262	-45.2066
7.6	1	-147.239	-27.6063
7.6	2	-172.348	-40.6574
7.7	0	-101.009	-45.147
7.7	1	-147.025	-27.7368
7.7	2	-172.396	-40.9435
7.8	0	-100.756	-45.0874
7.8	1	-146.894	-27.9443
7.8	2	-172.444	-41.2297
7.9	0	-100.503	-45.0278
7.9	1	-146.762	-28.1519
7.9	2	-172.355	-41.0455
8	0	-100.421	-44.9183
8	1	-146.63	-28.3594
8	2	-172.263	-40.8527
8.1	0	-100.579	-44.7391
8.1	1	-146.533	-28.3025
8.1	2	-172.172	-40.66
8.2	0	-100.737	-44.56
8.2	1	-146.46	-28.0735
8.2	2	-172.08	-40.4673
8.3	0	-100.894	-44.3808
8.3	1	-146.386	-27.8445
8.3	2	-172.066	-40.2757
8.4	0	-101.028	-44.1771
8.4	1	-146.312	-27.6155
8.4	2	-172.236	-40.0869
8.5	0	-101.082	-43.8907
8.5	1	-146.215	-27.5816
8.5	2	-172.405	-39.898
8.6	0	-101.135	-43.6043
8.6	1	-146.091	-27.7862
8.6	2	-172.575	-39.7092
8.7	0	-101.189	-43.3179
8.7	1	-145.967	-27.9909
8.7	2	-172.558	-39.6222
8.8	0	-101.517	-43.2463
8.8	1	-145.842	-28.1955
8.8	2	-172.207	-39.7171
8.9	0	-101.915	-43.2297
8.9	1	-145.668	-28.334
8.9	2	-171.856	-39.812
9	0	-102.158	-43.2646
9	1	-145.359	-28.2967
9	2	-171.707	-40.0125
9.1	0	-102.014	-43.4283
9.1	1	-145.051	-28.2593
9.1	2	-171.689	-40.2805
9.2	0	-101.869	-43.592
9.2	1	-144.752	-28.2398
9.2	2	-171.67	-40.5486
9.3	0	-101.725	-43.7556
9.3	1	-144.626	-28.5249
9.3	2	-171.651	-40.8167
9.4	0	-101.581	-43.9193
9.4	1	-144.499	-28.8099
9.4	2	-171.4	-40.5944
9.5	0	-101.588	-43.7833
9.5	1	-144.373	-29.095
9.5	2	-171.119	-40.3104
9.6	0	-101.659	-43.5204
9.6	1	-144.238	-28.8417
9.6	2	-170.888	-40.2074
9.7	0	-101.73	-43.2576
9.7	1	-144.103	-28.4927
9.7	2	-170.737	-40.397
9.8	0	-101.809	-42.9958
9.8	1	-144.053	-28.2165
9.8	2	-170.586	-40.5865
9.9	0	-102.124	-42.7696
9.9	1	-144.4	-28.2765
9.9	2	-170.434	-40.7761
10	0	-102.439	-42.5433
10	1	-144.747	-28.3365
10	2	-170.225	-40.9336
10.1	0	-102.62	-42.2564
10.1	1	-144.884	-28.3271
10.1	2	-169.85	-41.0002
10.2	0	-102.641	-41.8962
10.2	1	-144.607	-28.1814
10.2	2	-169.476	-41.0668
10.3	0	-102.661	-41.536
10.3	1	-144.331	-28.0356
10.3	2	-169.277	-40.9263
10.4	0	-102.612	-41.2132
10.4	1	-144.13	-27.9007
10.4	2	-169.182	-40.6648
10.5	0	-102.531	-40.9081
10.5	1	-144.409	-27.8337
10.5	2	-169.086	-40.4033
10.6	0	-102.45	-40.6029
10.6	1	-144.687	-27.7668
10.6	2	-168.999	-40.1422
10.7	0	-102.258	-40.3841
10.7	1	-144.966	-27.6999
10.7	2	-169.118	-39.8915
10.8	0	-101.962	-40.247
10.8	1	-145.251	-27.6026
10.8	2	-169.237	-39.6408
10.9	0	-101.665	-40.1099
10.9	1	-145.54	-27.4885
10.9	2	-169.356	-39.3901
11	0	-101.369	-39.9998
11	1	-145.829	-27.3745
11	2	-169.594	-39.2603
11.1	0	-101.073	-39.9222
11.1	1	-146.075	-27.4389
11.1	2	-169.987	-39.2866
11.2	0	-100.777	-39.8445
11.2	1	-146.264	-27.7426
11.2	2	-170.379	-39.313
11.3	0	-100.516	-39.8405
11.3	1	-146.452	-28.0464
11.3	2	-170.647	-39.144
11.4	0	-100.411	-40.163
11.4	1	-146.387	-28.2843
11.4	2	-170.901	-38.9519
11.5	0	-100.306	-40.4855
11.5	1	-146.172	-28.4833
11.5	2	-171.155	-38.7598
11.6	0	-100.273	-40.6973
11.6	1	-145.958	-28.6824
11.6	2	-171.072	-38.6671
11.7	0	-100.472	-40.55
11.7	1	-145.76	-28.8039
11.7	2	-170.877	-38.6076
11.8	0	-100.671	-40.4027
11.8	1	-145.625	-28.6369
11.8	2	-170.683	-38.5481
11.9	0	-100.87	-40.2553
11.9	1	-145.489	-28.4699
11.9	2	-170.488	-38.4886
12	0	-100.976	-40.1734
12	1	-145.353	-28.3029
12	2	-170.294	-38.4291
12.1	0	-100.7	-40.3598
12.1	1	-145.218	-28.1359
12.1	2	-170.256	-38.2323
12.2	0	-100.424	-40.5461
12.2	1	-145.052	-28.2366
12.2	2	-170.249	-38.0083
12.3	0	-100.2	-40.7352
12.3	1	-144.862	-28.5441
12.3	2	-170.242	-37.7842
12.4	0	-100.195	-40.9361
12.4	1	-144.673	-28.8516
12.4	2	-170.236	-37.5602
12.5	0	-100.19	-41.1369
12.5	1	-144.557	-28.7333
12.5	2	-170.095	-37.409
12.6	0	-100.185	-41.3377
12.6	1	-144.46	-28.5051
12.6	2	-169.729	-37.3802
12.7	0	-100.18	-41.5385
12.7	1	-144.363	-28.2769
12.7	2	-169.363	-37.3514
12.8	0	-100.134	-41.7324
12.8	1	-144.265	-28.0487
12.8	2	-169.201	-37.1481
12.9	0	-99.9404	-41.9005
12.9	1	-144.405	-27.9161
12.9	2	-169.149	-36.8501
13	0	-99.7465	-42.0686
13	1	-144.618	-27.813
13	2	-169.097	-36.552
13.1	0	-99.5527	-42.2366
13.1	1	-144.831	-27.71
13.1	2	-168.962	-36.3451
13.2	0	-99.457	-42.4145
13.2	1	-145.044	-27.607
13.2	2	-168.669	-36.3131
13.3	0	-99.5745	-42.6137
13.3	1	-145.011	-27.5939
13.3	2	-168.375	-36.281
13.4	0	-99.692	-42.8128
13.4	1	-144.766	-27.6584
13.4	2	-168.082	-36.249
13.5	0	-99.8095	-43.0119
13.5	1	-144.52	-27.723
13.5	2	-168.232	-36.4729
13.6	0	-99.927	-43.2111
13.6	1	-144.275	-27.7876
13.6	2	-168.404	-36.7086
13.7	0	-100.205	-43.1886
13.7	1	-143.986	-27.844
13.7	2	-168.575	-36.9444
13.8	0	-100.485	-43.164
13.8	1	-143.668	-27.8949
13.8	2	-168.718	-36.9188
13.9	0	-100.765	-43.1393
13.9	1	-143.349	-27.9458
13.9	2	-168.837	-36.6558
14	0	-100.994	-43.0732
14	1	-143.219	-27.8677
14	2	-168.955	-36.3928
14.1	0	-101.155	-42.9525
14.1	1	-143.282	-27.6569
14.1	2	-169.062	-36.1638
14.2	0	-101.316	-42.8317
14.2	1	-143.345	-27.446
14.2	2	-168.985	-36.5061
14.3	0	-101.477	-42.7109
14.3	1	-143.408	-27.2352
14.3	2	-168.907	-36.8485
14.4	0	-101.639	-42.5902
14.4	1	-143.47	-27.0244
14.4	2	-168.828	-37.1793
14.5	0	-101.763	-42.376
14.5	1	-143.523	-27.2038
14.5	2	-168.74	-37.4659
14.6	0	-101.845	-42.055
14.6	1	-143.575	-27.4049
14.6	2	-168.653	-37.7524
14.7	0	-101.926	-41.7339
14.7	1	-143.627	-27.606
14.7	2	-168.565	-38.039
14.8	0	-101.906	-41.6409
14.8	1	-143.68	-27.8071
14.8	2	-168.301	-38.0414
14.9	0	-101.759	-41.8289
14.9	1	-143.692	-27.975
14.9	2	-168.01	-38.0012
15	0	-101.612	-42.017
15	1	-143.451	-27.9282
15	2	-167.719	-37.9611
15.1	0	-101.466	-42.205
15.1	1	-143.209	-27.8815
15.1	2	-167.614	-38.0856
15.2	0	-101.424	-42.3672
15.2	1	-142.968	-27.8347
15.2	2	-167.724	-38.4005
15.3	0	-101.69	-42.4537
15.3	1	-142.727	-27.7991
15.3	2	-167.834	-38.7153
15.4	0	-101.956	-42.5403
15.4	1	-142.504	-27.9097
15.4	2	-167.841	-38.7234
15.5	0	-102.222	-42.6269
15.5	1	-142.281	-28.0203
15.5	2	-167.729	-38.3788
15.6	0	-102.54	-42.5418
15.6	1	-142.057	-28.131
15.6	2	-167.618	-38.0341
15.7	0	-102.881	-42.376
15.7	1	-141.843	-28.2552
15.7	2	-167.475	-37.8178
15.8	0	-103.217	-42.2287
15.8	1	-141.773	-28.5944
15.8	2	-167.319	-37.6553
15.9	0	-103.447	-42.4672
15.9	1	-141.702	-28.9336
15.9	2	-167.164	-37.4929
16	0	-103.677	-42.7056
16	1	-141.696	-29.1977
16	2	-167.008	-37.3304
16.1	0	-103.899	-42.9437
16.1	1	-141.993	-29.1013
16.1	2	-166.971	-37.2034
16.2	0	-103.828	-43.1697
16.2	1	-142.291	-29.0049
16.2	2	-167.271	-37.1763
16.3	0	-103.757	-43.3956
16.3	1	-142.588	-28.9085
16.3	2	-167.571	-37.1492
16.4	0	-103.686	-43.6216
16.4	1	-142.914	-28.9578
16.4	2	-167.871	-37.1222
16.5	0	-103.614	-43.8476
16.5	1	-143.241	-29.0112
16.5	2	-168.101	-37.3315
16.6	0	-103.429	-43.8439
16.6	1	-143.568	-29.0645
16.6	2	-168.327	-37.5561
16.7	0	-103.217	-43.7844
16.7	1	-143.325	-29.1334
16.7	2	-168.553	-37.7807
16.8	0	-103.004	-43.7248
16.8	1	-143.055	-29.2031
16.8	2	-168.385	-37.7574
16.9	0	-102.791	-43.6653
16.9	1	-142.785	-29.2728
16.9	2	-168.119	-37.6722
17	0	-102.724	-43.6362
17	1	-142.672	-29.3834
17	2	-167.853	-37.5869
17.1	0	-103.035	-43.6859
17.1	1	-142.828	-29.5639
17.1	2	-167.648	-37.4475
17.2	0	-103.346	-43.7357
17.2	1	-142.985	-29.7444
17.2	2	-167.66	-37.1155
17.3	0	-103.652	-43.792
17.3	1	-143.141	-29.925
17.3	2	-167.671	-36.7835
17.4	0	-103.914	-43.906
17.4	1	-143.26	-30.0118
17.4	2	-167.67	-36.4529
17.5	0	-104.177	-44.02
17.5	1	-143.208	-29.6764
17.5	2	-167.624	-36.1275
17.6	0	-104.44	-44.134
17.6	1	-143.157	-29.3409
17.6	2	-167.578	-35.8021
17.7	0	-104.37	-44.0514
17.7	1	-143.181	-29.137
17.7	2	-167.551	-35.5659
17.8	0	-104.087	-43.8432
17.8	1	-143.452	-29.3613
17.8	2	-167.619	-35.7756
17.9	0	-103.804	-43.635
17.9	1	-143.723	-29.5855
17.9	2	-167.688	-35.9852
18	0	-103.656	-43.4309
18	1	-143.794	-29.794
18	2	-167.756	-36.1949
18.1	0	-103.551	-43.228
18.1	1	-143.556	-29.9781
18.1	2	-167.824	-36.4045
18.2	0	-103.445	-43.0251
18.2	1	-143.317	-30.1622
18.2	2	-167.897	-36.3454
18.3	0	-103.339	-42.8222
18.3	1	-143.079	-30.3315
18.3	2	-167.973	-36.129
18.4	0	-103.409	-42.6817
18.4	1	-142.854	-30.313
18.4	2	-168.049	-35.9127
18.5	0	-103.752	-42.6379
18.5	1	-142.63	-30.2945
18.5	2	-168.125	-35.6963
18.6	0	-104.094	-42.5942
18.6	1	-142.405	-30.276
18.6	2	-168.131	-35.4603
18.7	0	-104.359	-42.4628
18.7	1	-142.18	-30.2575
18.7	2	-167.949	-35.171
18.8	0	-104.544	-42.2419
18.8	1	-142.106	-30.4035
18.8	2	-167.767	-34.8818
18.9	0	-104.729	-42.0211
18.9	1	-142.118	-30.6411
18.9	2	-167.612	-34.5614
19	0	-104.907	-41.7969
19	1	-142.129	-30.8788
19	2	-167.509	-34.1815
19.1	0	-104.798	-41.4411
19.1	1	-142.14	-31.1165
19.1	2	-167.406	-33.8017
19.2	0	-104.689	-41.0852
19.2	1	-142.233	-31.1659
19.2	2	-167.562	-33.5055
19.3	0	-104.666	-40.9021
19.3	1	-142.43	-30.9751
19.3	2	-167.782	-33.2299
19.4	0	-104.81	-41.0577
19.4	1	-142.627	-30.7843
19.4	2	-168.002	-32.9543
19.5	0	-104.955	-41.2133
19.5	1	-142.823	-30.5935
19.5	2	-168.106	-33.3077
19.6	0	-105.099	-41.3689
19.6	1	-142.955	-30.7152
19.6	2	-168.207	-33.6823
19.7	0	-105.244	-41.5245
19.7	1	-143.071	-30.9199
19.7	2	-168.229	-33.84
19.8	0	-105.513	-41.5159
19.8	1	-143.186	-31.1245
19.8	2	-168.126	-33.6568
19.9	0	-105.856	-41.4094
19.9	1	-143.301	-31.3291
19.9	2	-168.024	-33.4736
20	0	-106.2	-41.3029
20	1	-143.464	-31.4235
20	2	-167.922	-33.2904
20.1	0	-106.497	-41.2541
20.1	1	-143.67	-31.4204
20.1	2	-167.82	-33.1071
20.2	0	-106.786	-41.2158
20.2	1	-143.876	-31.4173
20.2	2	-167.837	-32.9188
20.3	0	-107.075	-41.1775
20.3	1	-144.082	-31.4142
20.3	2	-167.925	-32.7275
20.4	0	-107.391	-41.2084
20.4	1	-144.288	-31.4111
20.4	2	-168.014	-32.5361
20.5	0	-107.743	-41.3363
20.5	1	-144.366	-31.2409
20.5	2	-168.103	-32.3447
20.6	0	-108.095	-41.4642
20.6	1	-144.382	-30.9904
20.6	2	-168.191	-32.1533
20.7	0	-108.026	-41.3517
20.7	1	-144.399	-30.7398
20.7	2	-167.938	-32.0246
20.8	0	-107.814	-41.1578
20.8	1	-144.415	-30.4892
20.8	2	-167.637	-31.9044
20.9	0	-107.603	-40.9638
20.9	1	-144.249	-30.2641
20.9	2	-167.337	-31.7843
21	0	-107.388	-40.7461
21	1	-144.002	-30.0503
21	2	-166.967	-31.7815
21.1	0	-107.162	-40.4613
21.1	1	-143.755	-29.8365
21.1	2	-166.577	-31.8104
21.2	0	-106.937	-40.1766
21.2	1	-143.692	-29.9008
21.2	2	-166.248	-31.7805
21.3	0	-106.704	-39.8759
21.3	1	-143.736	-30.1268
21.3	2	-166.122	-31.551
21.4	0	-106.463	-39.5597
21.4	1	-143.78	-30.3527
21.4	2	-165.997	-31.3216
21.5	0	-106.221	-39.2436
21.5	1	-143.825	-30.5787
21.5	2	-165.871	-31.0922
21.6	0	-105.907	-39.0233
21.6	1	-143.953	-30.8013
21.6	2	-165.774	-30.8303
21.7	0	-105.592	-38.8036
21.7	1	-144.288	-31.0158
21.7	2	-165.718	-30.5204
21.8	0	-105.258	-38.6498
21.8	1	-144.624	-31.2302
21.8	2	-165.662	-30.2104
21.9	0	-104.894	-38.5994
21.9	1	-144.624	-31.42
21.9	2	-165.689	-29.9348
22	0	-104.53	-38.5489
22	1	-144.528	-31.6027
22	2	-165.995	-29.7753
22.1	0	-104.53	-38.7027
22.1	1	-144.432	-31.7854
22.1	2	-166.301	-29.6157
22.2	0	-104.711	-38.9586
22.2	1	-144.336	-31.9681
22.2	2	-166.395	-29.5122
22.3	0	-104.892	-39.2145
22.3	1	-144.24	-32.1508
22.3	2	-166.06	-29.5224
22.4	0	-104.937	-39.4714
22.4	1	-144.066	-32.0416
22.4	2	-165.725	-29.5327
22.5	0	-104.834	-39.7293
22.5	1	-143.887	-31.9108
22.5	2	-165.56	-29.452
22.6	0	-104.732	-39.9873
22.6	1	-143.707	-31.78
22.6	2	-165.717	-29.1994
22.7	0	-104.629	-40.2452
22.7	1	-143.527	-31.6492
22.7	2	-165.874	-28.9468
22.8	0	-104.755	-40.0418
22.8	1	-143.449	-31.7403
22.8	2	-166.03	-28.6942
22.9	0	-104.913	-39.7729
22.9	1	-143.503	-32.1201
22.9	2	-165.714	-28.5255
23	0	-105.072	-39.5039
23	1	-143.557	-32.4999
23	2	-165.389	-28.3585
23.1	0	-105.022	-39.5247
23.1	1	-143.279	-32.5048
23.1	2	-165.198	-28.1885
23.2	0	-104.872	-39.6867
23.2	1	-142.931	-32.432
23.2	2	-165.421	-28.0094
23.3	0	-104.722	-39.8487
23.3	1	-142.587	-32.3641
23.3	2	-165.644	-27.8304
23.4	0	-104.572	-40.0107
23.4	1	-142.526	-32.6646
23.4	2	-165.867	-27.6513
23.5	0	-104.449	-40.0966
23.5	1	-142.465	-32.9651
23.5	2	-165.984	-27.3885
23.6	0	-104.486	-39.7396
23.6	1	-142.404	-33.2655
23.6	2	-166.066	-27.0973
23.7	0	-104.523	-39.3827
23.7	1	-142.559	-33.3216
23.7	2	-166.148	-26.8061
23.8	0	-104.459	-39.0721
23.8	1	-142.786	-33.2972
23.8	2	-166.134	-26.8005
23.9	0	-104.215	-38.8438
23.9	1	-143.013	-33.2728
23.9	2	-165.998	-27.1579
24	0	-103.971	-38.6156
24	1	-143.24	-33.2484
24	2	-165.862	-27.5153
24.1	0	-103.795	-38.549
24.1	1	-143.471	-33.1142
24.1	2	-165.595	-27.7719
24.2	0	-103.737	-38.7602
24.2	1	-143.709	-32.7938
24.2	2	-165.301	-28.0072
24.3	0	-103.68	-38.9714
24.3	1	-143.947	-32.4733
24.3	2	-165.002	-28.2294
24.4	0	-103.622	-39.1826
24.4	1	-144.216	-32.311
24.4	2	-164.686	-28.3889
24.5	0	-103.564	-39.3938
24.5	1	-144.489	-32.1732
24.5	2	-164.369	-28.5484
24.6	0	-103.556	-39.1874
24.6	1	-144.761	-32.0354
24.6	2	-164.107	-28.5752
24.7	0	-103.56	-38.8768
24.7	1	-144.744	-31.7985
24.7	2	-163.944	-28.3563
24.8	0	-103.563	-38.5662
24.8	1	-144.529	-31.4944
24.8	2	-163.781	-28.1374
24.9	0	-103.395	-38.4466
24.9	1	-144.314	-31.1902
24.9	2	-163.618	-27.9185
25	0	-103.102	-38.4648
25	1	-144.08	-30.9723
25	2	-163.509	-27.5989
25.1	0	-102.809	-38.4829
25.1	1	-143.844	-30.7629
25.1	2	-163.425	-27.2329
25.2	0	-102.557	-38.4506
25.2	1	-143.609	-30.5536
25.2	2	-163.341	-26.8816
25.3	0	-102.502	-38.1765
25.3	1	-143.701	-30.7468
25.3	2	-163.288	-27.1557
25.4	0	-102.447	-37.9025
25.4	1	-143.91	-31.0821
25.4	2	-163.236	-27.4297
25.5	0	-102.392	-37.6284
25.5	1	-144.024	-31.3469
25.5	2	-163.183	-27.7038
25.6	0	-102.518	-37.6782
25.6	1	-143.776	-31.3417
25.6	2	-163.067	-27.9199
25.7	0	-102.766	-37.9479
25.7	1	-143.528	-31.3364
25.7	2	-162.867	-28.0621
25.8	0	-103.014	-38.2177
25.8	1	-143.279	-31.3311
25.8	2	-162.667	-28.2042
25.9	0	-103.382	-38.3375
25.9	1	-143.041	-31.3543
25.9	2	-162.468	-28.3463
26	0	-103.768	-38.4343
26	1	-142.844	-31.5087
26	2	-162.447	-28.5052
26.1	0	-104.114	-38.5508
26.1	1	-142.648	-31.6631
26.1	2	-162.746	-28.6941
26.2	0	-104.387	-38.7032
26.2	1	-142.451	-31.8176
26.2	2	-163.046	-28.8831
26.3	0	-104.661	-38.8557
26.3	1	-142.239	-31.9384
26.3	2	-163.05	-29.044
26.4	0	-104.93	-39.0148
26.4	1	-141.949	-31.9007
26.4	2	-162.796	-29.1806
26.5	0	-105.175	-39.2085
26.5	1	-141.659	-31.863
26.5	2	-162.543	-29.3171
26.6	0	-105.42	-39.4023
26.6	1	-141.369	-31.8253
26.6	2	-162.285	-29.4312
26.7	0	-105.665	-39.596
26.7	1	-141.069	-31.7393
26.7	2	-161.968	-29.2165
26.8	0	-105.838	-39.3834
26.8	1	-140.765	-31.6376
26.8	2	-161.65	-29.0018
26.9	0	-106.009	-39.1538
26.9	1	-140.46	-31.5358
26.9	2	-161.62	-28.935
27	0	-106.179	-38.9242
27	1	-140.372	-31.6387
27	2	-161.935	-29.0464
27.1	0	-106.224	-38.8818
27.1	1	-140.407	-31.8589
27.1	2	-162.251	-29.1578
27.2	0	-106.124	-39.0579
27.2	1	-140.442	-32.0792
27.2	2	-162.531	-29.2789
27.3	0	-106.023	-39.234
27.3	1	-140.477	-32.2994
27.3	2	-162.772	-29.4112
27.4	0	-105.923	-39.41
27.4	1	-140.483	-32.4356
27.4	2	-163.012	-29.5435
27.5	0	-105.823	-39.5861
27.5	1	-140.324	-32.1027
27.5	2	-163.252	-29.6758
27.6	0	-105.658	-39.5661
27.6	1	-140.166	-31.7698
27.6	2	-163.223	-29.4713
27.7	0	-105.437	-39.3706
27.7	1	-140.135	-31.7229
27.7	2	-163.135	-29.1923
27.8	0	-105.215	-39.1751
27.8	1	-140.267	-32.0389
27.8	2	-163.046	-28.9133
27.9	0	-105.049	-38.9819
27.9	1	-140.399	-32.3549
27.9	2	-162.867	-28.708
28	0	-105.214	-38.803
28	1	-140.293	-32.3963
28	2	-162.551	-28.6122
28.1	0	-105.379	-38.624
28.1	1	-139.968	-32.1847
28.1	2	-162.236	-28.5164
28.2	0	-105.544	-38.445
28.2	1	-139.643	-31.9732
28.2	2	-162.165	-28.4158
28.3	0	-105.714	-38.2741
28.3	1	-139.404	-32.1217
28.3	2	-162.514	-28.307
28.4	0	-106.047	-38.3262
28.4	1	-139.17	-32.2929
28.4	2	-162.862	-28.1983
28.5	0	-106.38	-38.3782
28.5	1	-138.936	-32.4641
28.5	2	-162.851	-28.0218
28.6	0	-106.683	-38.4045
28.6	1	-138.67	-32.595
28.6	2	-162.628	-27.8058
28.7	0	-106.567	-38.0721
28.7	1	-138.371	-32.6846
28.7	2	-162.404	-27.5897
28.8	0	-106.451	-37.7397
28.8	1	-138.073	-32.7742
28.8	2	-162.311	-27.3114
28.9	0	-106.359	-37.5477
28.9	1	-137.94	-32.8213
28.9	2	-162.405	-26.9443
29	0	-106.351	-37.8358
29	1	-138.223	-32.7607
29	2	-162.498	-26.5772
29.1	0	-106.343	-38.1239
29.1	1	-138.507	-32.7002
29.1	2	-162.749	-26.3966
29.2	0	-106.335	-38.412
29.2	1	-138.791	-32.6397
29.2	2	-163.048	-26.2714
29.3	0	-106.206	-38.398
29.3	1	-138.789	-32.3498
29.3	2	-163.346	-26.1461
29.4	0	-106.038	-38.2868
29.4	1	-138.731	-32.0156
29.4	2	-163.619	-26.016
29.5	0	-105.871	-38.1757
29.5	1	-138.673	-31.6814
29.5	2	-163.879	-25.8835
29.6	0	-105.703	-38.0645
29.6	1	-138.967	-31.6645
29.6	2	-164.14	-25.7511
29.7	0	-105.535	-37.9533
29.7	1	-139.305	-31.687
29.7	2	-164.357	-25.5702
29.8	0	-105.197	-37.8937
29.8	1	-139.642	-31.7094
29.8	2	-164.452	-25.251
29.9	0	-104.812	-37.8482
29.9	1	-139.82	-31.5395
29.9	2	-164.546	-24.9319
30	0	-104.436	-37.7899
30	1	-139.988	-31.3563
30	2	-164.665	-24.7392
30.1	0	-104.096	-37.6823
30.1	1	-140.155	-31.1731
30.1	2	-164.857	-24.9161
30.2	0	-103.756	-37.5747
30.2	1	-140.322	-30.9899
30.2	2	-165.048	-25.0929
30.3	0	-103.573	-37.6068
30.3	1	-140.207	-31.2834
30.3	2	-165.239	-25.2698
30.4	0	-103.622	-37.8464
30.4	1	-140.062	-31.6286
30.4	2	-165.338	-25.47
30.5	0	-103.672	-38.086
30.5	1	-139.964	-31.8253
30.5	2	-165.306	-25.7028
30.6	0	-103.722	-38.3256
30.6	1	-140.019	-31.528
30.6	2	-165.275	-25.9356
30.7	0	-103.649	-38.5306
30.7	1	-140.074	-31.2306
30.7	2	-165.243	-26.1685
30.8	0	-103.309	-38.6604
30.8	1	-140.129	-30.9333
30.8	2	-165.218	-26.3124
30.9	0	-102.97	-38.7903
30.9	1	-140.293	-31.0679
30.9	2	-165.227	-25.9918
31	0	-102.795	-39.0448
31	1	-140.465	-31.2381
31	2	-165.236	-25.6711
31.1	0	-102.746	-39.3952
31.1	1	-140.638	-31.4084
31.1	2	-165.259	-25.3673
31.2	0	-102.698	-39.7456
31.2	1	-140.811	-31.5786
31.2	2	-165.589	-25.437
31.3	0	-102.806	-39.7044
31.3	1	-140.531	-31.6412
31.3	2	-165.919	-25.5066
31.4	0	-102.971	-39.5244
31.4	1	-140.139	-31.6771
31.4	2	-166.215	-25.553
31.5	0	-103.135	-39.3444
31.5	1	-139.912	-31.7301
31.5	2	-166.118	-25.3358
31.6	0	-103.299	-39.1643
31.6	1	-140.153	-31.8315
31.6	2	-166.021	-25.1186
31.7	0	-103.573	-39.0248
31.7	1	-140.394	-31.9328
31.7	2	-165.924	-24.9013
31.8	0	-103.909	-38.9083
31.8	1	-140.635	-32.0341
31.8	2	-165.827	-24.6841
31.9	0	-104.245	-38.7918
31.9	1	-140.693	-32.1764
31.9	2	-165.691	-24.5019
32	0	-104.186	-39.0442
32	1	-140.512	-32.3718
32	2	-165.549	-24.3245
32.1	0	-104.043	-39.375
32.1	1	-140.331	-32.5672
32.1	2	-165.406	-24.1472
32.2	0	-103.922	-39.6816
32.2	1	-140.151	-32.7625
32.2	2	-165.264	-23.9698
32.3	0	-104.222	-39.5251
32.3	1	-140.29	-32.7274
32.3	2	-165.287	-23.9141
32.4	0	-104.522	-39.3687
32.4	1	-140.581	-32.5821
32.4	2	-165.49	-23.9912
32.5	0	-104.818	-39.2244
32.5	1	-140.872	-32.4369
32.5	2	-165.693	-24.0683
32.6	0	-105.075	-39.1976
32.6	1	-141.16	-32.2476
32.6	2	-165.896	-24.1455
32.7	0	-105.331	-39.1708
32.7	1	-141.444	-32.0294
32.7	2	-166.099	-24.2226
32.8	0	-105.588	-39.144
32.8	1	-141.728	-31.8113
32.8	2	-166.007	-24.0242
32.9	0	-105.738	-39.168
32.9	1	-142.027	-31.6897
32.9	2	-165.872	-23.786
33	0	-105.505	-39.3741
33	1	-142.329	-31.5901
33	2	-165.737	-23.5478
33.1	0	-105.272	-39.5803
33.1	1	-142.631	-31.4904
33.1	2	-165.691	-23.3948
33.2	0	-105.04	-39.7853
33.2	1	-142.651	-31.7109
33.2	2	-165.961	-23.5405
33.3	0	-105.319	-39.5294
33.3	1	-142.533	-32.0892
33.3	2	-166.231	-23.6862
33.4	0	-105.598	-39.2735
33.4	1	-142.409	-32.4404
33.4	2	-166.5	-23.8319
33.5	0	-105.843	-39.1439
33.5	1	-142.251	-32.6339
33.5	2	-166.837	-23.7382
33.6	0	-106.026	-39.2383
33.6	1	-142.094	-32.8274
33.6	2	-167.177	-23.6342
33.7	0	-106.21	-39.3327
33.7	1	-141.936	-33.021
33.7	2	-167.512	-23.5466
33.8	0	-106.393	-39.4271
33.8	1	-141.841	-33.2168
33.8	2	-167.818	-23.5536
33.9	0	-106.576	-39.5215
33.9	1	-142.126	-33.4269
33.9	2	-168.124	-23.5606
34	0	-106.838	-39.4907
34	1	-142.411	-33.637
34	2	-168.43	-23.5676
34.1	0	-107.173	-39.3406
34.1	1	-142.524	-33.7896
34.1	2	-168.607	-23.3838
34.2	0	-107.509	-39.1905
34.2	1	-142.267	-33.8194
34.2	2	-168.766	-23.1734
34.3	0	-107.693	-39.0414
34.3	1	-142.01	-33.8491
34.3	2	-168.925	-22.963
34.4	0	-107.836	-38.8926
34.4	1	-141.753	-33.8789
34.4	2	-169.047	-22.7897
34.5	0	-107.98	-38.7439
34.5	1	-141.643	-33.7809
34.5	2	-168.779	-23.0128
34.6	0	-108.124	-38.5951
34.6	1	-141.712	-33.5273
34.6	2	-168.511	-23.236
34.7	0	-108.267	-38.4463
34.7	1	-141.78	-33.2737
34.7	2	-168.367	-23.4367
34.8	0	-108.195	-38.6632
34.8	1	-141.849	-33.0202
34.8	2	-168.666	-23.5576
34.9	0	-108.113	-38.8961
34.9	1	-141.668	-32.9308
34.9	2	-168.966	-23.6785
35	0	-108.032	-39.1289
35	1	-141.35	-32.9322
35	2	-169.204	-23.7585
35.1	0	-107.95	-39.3618
35.1	1	-141.032	-32.9337
35.1	2	-168.999	-23.5407
35.2	0	-107.847	-39.1629
35.2	1	-140.954	-32.8289
35.2	2	-168.795	-23.3229
35.3	0	-107.741	-38.9193
35.3	1	-141.115	-32.6174
35.3	2	-168.59	-23.1051
35.4	0	-107.636	-38.6756
35.4	1	-141.277	-32.4059
35.4	2	-168.408	-23.1921
35.5	0	-107.548	-38.4299
35.5	1	-141.439	-32.1944
35.5	2	-168.233	-23.3679
35.6	0	-107.57	-38.1715
35.6	1	-141.281	-32.2027
35.6	2	-168.058	-23.5437
35.7	0	-107.592	-37.9131
35.7	1	-141.014	-32.2869
35.7	2	-167.883	-23.7194
35.8	0	-107.614	-37.6548
35.8	1	-140.746	-32.3711
35.8	2	-167.732	-23.9677
35.9	0	-107.556	-37.5223
35.9	1	-140.531	-32.3951
35.9	2	-167.59	-24.2406
36	0	-107.293	-37.7098
36	1	-140.559	-32.1445
36	2	-167.448	-24.5136
36.1	0	-107.03	-37.8973
36.1	1	-140.587	-31.8939
36.1	2	-167.224	-24.6382
36.2	0	-106.781	-38.0389
36.2	1	-140.614	-31.6433
36.2	2	-166.918	-24.6122
36.3	0	-106.591	-37.9758
36.3	1	-140.625	-31.3915
36.3	2	-166.613	-24.5861
36.4	0	-106.401	-37.9127
36.4	1	-140.572	-31.1356
36.4	2	-166.34	-24.5975
36.5	0	-106.211	-37.8496
36.5	1	-140.519	-30.8796
36.5	2	-166.173	-24.7276
36.6	0	-106.021	-37.7865
36.6	1	-140.467	-30.6237
36.6	2	-166.007	-24.8578
36.7	0	-105.795	-37.7175
36.7	1	-140.365	-30.5081
36.7	2	-165.841	-24.988
36.8	0	-105.413	-37.623
36.8	1	-140.184	-30.6152
36.8	2	-165.674	-25.1181
36.9	0	-105.032	-37.5284
36.9	1	-140.004	-30.7223
36.9	2	-165.473	-25.3174
37	0	-104.998	-37.3651
37	1	-139.824	-30.8294
37	2	-165.237	-25.5839
37.1	0	-105.157	-37.1637
37.1	1	-139.643	-30.9366
37.1	2	-165.002	-25.8505
37.2	0	-105.315	-36.9623
37.2	1	-139.701	-30.837
37.2	2	-165.031	-26.0384
37.3	0	-105.474	-36.761
37.3	1	-139.904	-30.6104
37.3	2	-165.178	-26.1918
37.4	0	-105.809	-36.7427
37.4	1	-140.108	-30.3839
37.4	2	-165.324	-26.3452
37.5	0	-106.206	-36.788
37.5	1	-140.208	-30.3191
37.5	2	-165.47	-26.4987
37.6	0	-106.451	-36.7692
37.6	1	-140.105	-30.5744
37.6	2	-165.616	-26.6521
37.7	0	-106.207	-36.5435
37.7	1	-140.001	-30.8298
37.7	2	-165.857	-26.9328
37.8	0	-105.963	-36.3177
37.8	1	-139.898	-31.0851
37.8	2	-166.1	-27.2165
37.9	0	-105.723	-36.1898
37.9	1	-139.607	-31.0764
37.9	2	-166.208	-27.4557
38	0	-105.495	-36.3975
38	1	-139.238	-30.9575
38	2	-165.999	-27.5903
38.1	0	-105.266	-36.6053
38.1	1	-138.915	-30.8951
38.1	2	-165.79	-27.725
38.2	0	-105.038	-36.813
38.2	1	-138.907	-31.2232
38.2	2	-165.581	-27.8597
38.3	0	-104.998	-37.164
38.3	1	-138.9	-31.5513
38.3	2	-165.442	-27.901
38.4	0	-104.96	-37.5169
38.4	1	-138.922	-31.8434
38.4	2	-165.485	-27.6966
38.5	0	-104.896	-37.78
38.5	1	-139.301	-31.7172
38.5	2	-165.528	-27.4922
38.6	0	-104.703	-37.6026
38.6	1	-139.679	-31.5911
38.6	2	-165.571	-27.2878
38.7	0	-104.51	-37.4252
38.7	1	-139.638	-31.6082
38.7	2	-165.614	-27.0833
38.8	0	-104.317	-37.2478
38.8	1	-139.281	-31.733
38.8	2	-165.772	-26.8622
38.9	0	-104.18	-37.2473
38.9	1	-138.925	-31.8577
38.9	2	-166.051	-26.6235
39	0	-104.142	-37.5692
39	1	-139.042	-32.197
39	2	-166.329	-26.3848
39.1	0	-104.105	-37.8911
39.1	1	-139.199	-32.5547
39.1	2	-166.601	-26.3657
39.2	0	-104.11	-38.173
39.2	1	-139.255	-32.8672
39.2	2	-166.872	-26.4152
39.3	0	-104.231	-38.346
39.3	1	-139.133	-33.1
39.3	2	-167.142	-26.4646
39.4	0	-104.352	-38.5189
39.4	1	-139.01	-33.3328
39.4	2	-167.345	-26.5074
39.5	0	-104.472	-38.6918
39.5	1	-138.888	-33.5656
39.5	2	-167.065	-26.5018
39.6	0	-104.593	-38.8647
39.6	1	-138.899	-33.4941
39.6	2	-166.785	-26.4963
39.7	0	-104.703	-39.0479
39.7	1	-139.016	-33.1833
39.7	2	-166.505	-26.4907
39.8	0	-104.803	-39.2404
39.8	1	-139.132	-32.8725
39.8	2	-166.548	-26.6283
39.9	0	-104.903	-39.4328
39.9	1	-139.25	-32.6242
39.9	2	-166.854	-26.8819
40	0	-105.003	-39.6253
40	1	-139.368	-32.4278
40	2	-167.145	-27.1191
40.1	0	-105.103	-39.8178
40.1	1	-139.487	-32.2313
40.1	2	-167.037	-26.8941
40.2	0	-104.887	-39.8288
40.2	1	-139.606	-32.0349
40.2	2	-166.929	-26.6691
40.3	0	-104.641	-39.823
40.3	1	-139.672	-31.9318
40.3	2	-166.82	-26.4441
40.4	0	-104.396	-39.8171
40.4	1	-139.516	-32.2244
40.4	2	-166.713	-26.2358
40.5	0	-104.15	-39.8113
40.5	1	-139.359	-32.517
40.5	2	-166.626	-26.5856
40.6	0	-104.251	-39.5888
40.6	1	-139.241	-32.7012
40.6	2	-166.54	-26.9353
40.7	0	-104.416	-39.326
40.7	1	-139.3	-32.3849
40.7	2	-166.521	-27.1285
40.8	0	-104.582	-39.0633
40.8	1	-139.36	-32.0686
40.8	2	-166.701	-26.8613
40.9	0	-104.576	-39.0855
40.9	1	-139.433	-31.7796
40.9	2	-166.882	-26.5941
41	0	-104.465	-39.2805
41	1	-139.696	-31.8489
41	2	-166.995	-26.4081
41.1	0	-104.355	-39.4756
41.1	1	-139.959	-31.9183
41.1	2	-166.731	-26.6717
41.2	0	-104.245	-39.6707
41.2	1	-140.221	-31.9877
41.2	2	-166.467	-26.9354
41.3	0	-104.125	-39.8029
41.3	1	-140.433	-31.89
41.3	2	-166.203	-27.0629
41.4	0	-103.956	-39.6057
41.4	1	-140.566	-31.5315
41.4	2	-165.94	-27.0383
41.5	0	-103.788	-39.4084
41.5	1	-140.699	-31.1729
41.5	2	-165.677	-27.0136
41.6	0	-103.619	-39.2112
41.6	1	-140.46	-31.2378
41.6	2	-165.414	-26.989
41.7	0	-103.545	-38.9702
41.7	1	-140.113	-31.4257
41.7	2	-165.14	-27.0436
41.8	0	-103.685	-38.6301
41.8	1	-139.763	-31.5947
41.8	2	-164.86	-27.1345
41.9	0	-103.826	-38.29
41.9	1	-139.407	-31.7045
41.9	2	-164.58	-27.2254
42	0	-103.727	-38.2331
42	1	-139.051	-31.8143
42	2	-164.352	-27.3714
42.1	0	-103.461	-38.3751
42.1	1	-138.766	-32.0395
42.1	2	-164.254	-27.6533
42.2	0	-103.194	-38.5171
42.2	1	-138.536	-32.3556
42.2	2	-164.155	-27.9352
42.3	0	-103.02	-38.5651
42.3	1	-138.307	-32.6718
42.3	2	-164.057	-28.2171
42.4	0	-103.091	-38.3634
42.4	1	-138.385	-32.4011
42.4	2	-164.328	-28.0488
42.5	0	-103.161	-38.1617
42.5	1	-138.464	-32.1295
42.5	2	-164.622	-27.8517
42.6	0	-103.231	-37.96
42.6	1	-138.543	-31.8579
42.6	2	-164.903	-27.6565
42.7	0	-103.301	-37.7583
42.7	1	-138.507	-31.6391
42.7	2	-165.079	-27.4757
42.8	0	-103.25	-37.7803
42.8	1	-138.337	-31.4816
42.8	2	-165.255	-27.2949
42.9	0	-103.114	-37.9566
42.9	1	-138.168	-31.3241
42.9	2	-165.431	-27.1141
43	0	-102.978	-38.1329
43	1	-137.998	-31.1666
43	2	-165.602	-26.9306
43.1	0	-102.842	-38.3092
43.1	1	-137.828	-31.0823
43.1	2	-165.746	-26.7323
43.2	0	-102.684	-38.4784
43.2	1	-137.655	-31.4384
43.2	2	-165.89	-26.5339
43.3	0	-102.322	-38.5832
43.3	1	-137.482	-31.7945
43.3	2	-166.034	-26.3355
43.4	0	-101.961	-38.688
43.4	1	-137.531	-31.7695
43.4	2	-166.149	-26.145
43.5	0	-101.682	-38.8055
43.5	1	-137.718	-31.5071
43.5	2	-165.907	-26.0486
43.6	0	-101.507	-38.9392
43.6	1	-137.906	-31.2447
43.6	2	-165.666	-25.9522
43.7	0	-101.332	-39.0729
43.7	1	-138.072	-31.2849
43.7	2	-165.424	-25.8558
43.8	0	-101.158	-39.2066
43.8	1	-138.219	-31.6114
43.8	2	-165.263	-25.7377
43.9	0	-100.983	-39.3403
43.9	1	-138.366	-31.9379
43.9	2	-165.371	-25.5476
44	0	-100.704	-39.5928
44	1	-138.59	-31.8644
44	2	-165.479	-25.3574
44.1	0	-100.413	-39.8587
44.1	1	-138.844	-31.6363
44.1	2	-165.587	-25.1673
44.2	0	-100.289	-39.9851
44.2	1	-139.097	-31.4082
44.2	2	-165.694	-24.9771
44.3	0	-100.462	-39.8631
44.3	1	-139.276	-31.5899
44.3	2	-165.85	-24.791
44.4	0	-100.634	-39.7412
44.4	1	-139.434	-31.8809
44.4	2	-166.03	-24.6071
44.5	0	-100.807	-39.6192
44.5	1	-139.593	-32.172
44.5	2	-166.21	-24.4231
44.6	0	-100.979	-39.4972
44.6	1	-139.661	-32.4742
44.6	2	-166.39	-24.2392
44.7	0	-100.918	-39.4274
44.7	1	-139.703	-32.7795
44.7	2	-166.206	-24.0942
44.8	0	-100.716	-39.3885
44.8	1	-139.745	-33.0849
44.8	2	-165.913	-23.9608
44.9	0	-100.515	-39.3496
44.9	1	-139.775	-33.3424
44.9	2	-165.621	-23.8275
45	0	-100.313	-39.3108
45	1	-139.794	-33.5572
45	2	-165.615	-23.6217
45.1	0	-100.112	-39.2719
45.1	1	-139.813	-33.7719
45.1	2	-165.757	-23.3784
45.2	0	-99.8938	-39.3858
45.2	1	-139.832	-33.9866
45.2	2	-165.9	-23.1352
45.3	0	-99.6701	-39.5501
45.3	1	-139.851	-34.2014
45.3	2	-166.003	-22.9501
45.4	0	-99.4464	-39.7143
45.4	1	-139.89	-34.4915
45.4	2	-165.797	-23.2321
45.5	0	-99.2318	-39.8083
45.5	1	-139.93	-34.7911
45.5	2	-165.591	-23.5141
45.6	0	-99.0686	-39.4987
45.6	1	-139.971	-35.0906
45.6	2	-165.506	-23.7932
45.7	0	-98.9054	-39.1891
45.7	1	-139.871	-35.1504
45.7	2	-165.785	-24.0635
45.8	0	-98.69	-39.0065
45.8	1	-139.671	-35.0375
45.8	2	-166.065	-24.3337
45.9	0	-98.3473	-39.1333
45.9	1	-139.471	-34.9247
45.9	2	-166.022	-24.3391
46	0	-98.0047	-39.2601
46	1	-139.271	-34.8118
46	2	-165.826	-24.2182
46.1	0	-97.968	-39.4729
46.1	1	-139.168	-34.6801
46.1	2	-165.629	-24.0973
46.2	0	-98.1775	-39.7549
46.2	1	-139.395	-34.484
46.2	2	-165.432	-23.9764
46.3	0	-98.3869	-40.037
46.3	1	-139.623	-34.2879
46.3	2	-165.336	-23.8306
46.4	0	-98.5303	-39.917
46.4	1	-139.85	-34.0918
46.4	2	-165.428	-23.6381
46.5	0	-98.6465	-39.6309
46.5	1	-140.123	-34.1344
46.5	2	-165.521	-23.4456
46.6	0	-98.7626	-39.3448
46.6	1	-140.402	-34.205
46.6	2	-165.614	-23.2531
46.7	0	-98.8062	-39.3745
46.7	1	-140.681	-34.2755
46.7	2	-165.706	-23.0607
46.8	0	-98.7675	-39.7622
46.8	1	-140.866	-34.1737
46.8	2	-165.585	-22.9159
46.9	0	-98.7288	-40.1499
46.9	1	-140.92	-33.8338
46.9	2	-165.356	-22.795
47	0	-98.5439	-40.4763
47	1	-140.974	-33.4939
47	2	-165.127	-22.6741
47.1	0	-98.3432	-40.7961
47.1	1	-140.858	-33.2433
47.1	2	-164.898	-22.5531
47.2	0	-98.209	-40.9517
47.2	1	-140.583	-33.0772
47.2	2	-164.661	-22.5906
47.3	0	-98.2709	-40.6237
47.3	1	-140.308	-32.911
47.3	2	-164.422	-22.6664
47.4	0	-98.3328	-40.2957
47.4	1	-140.271	-32.7447
47.4	2	-164.184	-22.7422
47.5	0	-98.4686	-40.0135
47.5	1	-140.588	-32.5782
47.5	2	-163.946	-22.818
47.6	0	-98.8175	-39.8631
47.6	1	-140.904	-32.4117
47.6	2	-163.953	-22.9939
47.7	0	-99.1665	-39.7128
47.7	1	-141.165	-32.3865
47.7	2	-164.018	-23.1934
47.8	0	-99.5067	-39.6249
47.8	1	-141.391	-32.4539
47.8	2	-164.084	-23.3929
47.9	0	-99.8417	-39.5745
47.9	1	-141.617	-32.5212
47.9	2	-164.149	-23.5923
48	0	-100.177	-39.5241
48	1	-141.844	-32.5886
48	2	-164.214	-23.8006
48.1	0	-100.147	-39.6525
48.1	1	-142.103	-32.5861
48.1	2	-164.267	-24.1904
48.2	0	-99.941	-39.8674
48.2	1	-142.421	-32.4618
48.2	2	-164.319	-24.5802
48.3	0	-99.7349	-40.0823
48.3	1	-142.739	-32.3376
48.3	2	-164.398	-24.5933
48.4	0	-99.485	-40.1835
48.4	1	-142.84	-32.3874
48.4	2	-164.502	-24.2352
48.5	0	-99.14	-40.0383
48.5	1	-142.658	-32.6646
48.5	2	-164.606	-23.8771
48.6	0	-98.7951	-39.893
48.6	1	-142.476	-32.9418
48.6	2	-164.379	-23.6829
48.7	0	-98.6033	-39.996
48.7	1	-142.217	-33.0861
48.7	2	-164.08	-23.5242
48.8	0	-98.4963	-40.2363
48.8	1	-141.85	-33.0441
48.8	2	-163.781	-23.3655
48.9	0	-98.3892	-40.4767
48.9	1	-141.482	-33.0021
48.9	2	-163.634	-23.0416
49	0	-98.2822	-40.717
49	1	-141.16	-32.9193
49	2	-163.511	-22.6927
49.1	0	-98.0607	-40.9228
49.1	1	-140.855	-32.8201
49.1	2	-163.384	-22.4529
49.2	0	-97.818	-41.1221
49.2	1	-140.551	-32.721
49.2	2	-163.236	-22.7616
49.3	0	-97.5752	-41.3214
49.3	1	-140.549	-32.7626
49.3	2	-163.089	-23.0702
49.4	0	-97.6211	-41.181
49.4	1	-140.758	-32.9026
49.4	2	-162.922	-23.3046
49.5	0	-97.8162	-40.8651
49.5	1	-140.967	-33.0426
49.5	2	-162.697	-23.3077
49.6	0	-98.0112	-40.5491
49.6	1	-141.176	-33.1825
49.6	2	-162.472	-23.3108
49.7	0	-97.7307	-40.395
49.7	1	-141.431	-33.2397
49.7	2	-162.247	-23.3138
49.8	0	-97.4336	-40.2465
49.8	1	-141.716	-33.2446
49.8	2	-162.022	-23.3169
49.9	0	-97.1365	-40.098
49.9	1	-142	-33.2496
49.9	2	-161.801	-23.3821
50	0	-96.8174	-39.9321
50	1	-142.238	-33.2251
50	2	-161.581	-23.4625
50.1	0	-96.4972	-39.7654
50.1	1	-142.046	-32.9305
50.1	2	-161.361	-23.5429
50.2	0	-96.1799	-39.6215
50.2	1	-141.855	-32.6358
50.2	2	-161.141	-23.6234
50.3	0	-95.8754	-39.5781
50.3	1	-141.766	-32.4324
50.3	2	-161.174	-23.7274
50.4	0	-95.571	-39.5347
50.4	1	-141.982	-32.4975
50.4	2	-161.428	-23.852
50.5	0	-95.2665	-39.4914
50.5	1	-142.198	-32.5625
50.5	2	-161.682	-23.9767
50.6	0	-95.4457	-39.3875
50.6	1	-142.414	-32.6276
50.6	2	-161.936	-24.1015
50.7	0	-95.6591	-39.2794
50.7	1	-142.63	-32.6927
50.7	2	-161.94	-24.3625
50.8	0	-95.8725	-39.1713
50.8	1	-142.614	-32.9612
50.8	2	-161.944	-24.6234
50.9	0	-96.086	-39.0633
50.9	1	-142.546	-33.275
50.9	2	-161.948	-24.8843
51	0	-96.1909	-39.2455
51	1	-142.479	-33.5887
51	2	-161.902	-25.0623
51.1	0	-96.2604	-39.5223
51.1	1	-142.593	-33.6197
51.1	2	-161.609	-24.8341
51.2	0	-96.3299	-39.7992
51.2	1	-142.784	-33.5306
51.2	2	-161.316	-24.6059
51.3	0	-96.3032	-40.0249
51.3	1	-142.975	-33.4415
51.3	2	-161.328	-24.425
51.4	0	-95.9896	-40.0979
51.4	1	-143.166	-33.3525
51.4	2	-161.675	-24.2962
51.5	0	-95.676	-40.171
51.5	1	-143.357	-33.2634
51.5	2	-162.023	-24.1674
51.6	0	-95.391	-40.2714
51.6	1	-143.205	-33.1065
51.6	2	-161.955	-24.1952
51.7	0	-95.2737	-40.5322
51.7	1	-143.038	-32.9466
51.7	2	-161.766	-24.2681
51.8	0	-95.1565	-40.793
51.8	1	-142.871	-32.7867
51.8	2	-161.578	-24.3411
51.9	0	-95.0393	-41.0538
51.9	1	-142.704	-32.6268
51.9	2	-161.39	-24.4141
52	0	-95.2452	-41.0849
52	1	-142.696	-32.6837
52	2	-161.202	-24.4871
52.1	0	-95.6262	-40.9916
52.1	1	-142.781	-32.8672
52.1	2	-161.109	-24.7561
52.2	0	-95.9724	-40.9304
52.2	1	-142.865	-33.0507
52.2	2	-161.037	-25.0682
52.3	0	-96.003	-41.1607
52.3	1	-142.95	-33.2341
52.3	2	-160.964	-25.3804
52.4	0	-96.0337	-41.391
52.4	1	-143.034	-33.4176
52.4	2	-161.021	-25.3015
52.5	0	-96.0643	-41.6212
52.5	1	-143.291	-33.5387
52.5	2	-161.134	-25.0538
52.6	0	-96.095	-41.8515
52.6	1	-143.628	-33.6306
52.6	2	-161.247	-24.806
52.7	0	-96.2851	-41.9524
52.7	1	-143.965	-33.7225
52.7	2	-161.365	-24.5683
52.8	0	-96.5163	-42.0199
52.8	1	-143.772	-33.9274
52.8	2	-161.712	-24.7362
52.9	0	-96.7476	-42.0873
52.9	1	-143.462	-34.1572
52.9	2	-162.059	-24.904
53	0	-96.9789	-42.1548
53	1	-143.274	-34.3564
53	2	-162.196	-25.084
53.1	0	-96.9634	-42.0304
53.1	1	-143.502	-34.4513
53.1	2	-162.056	-25.2801
53.2	0	-96.8113	-41.7998
53.2	1	-143.73	-34.5462
53.2	2	-161.915	-25.4762
53.3	0	-96.6593	-41.5693
53.3	1	-143.958	-34.6411
53.3	2	-161.774	-25.6724
53.4	0	-96.5135	-41.3476
53.4	1	-144.126	-34.6679
53.4	2	-161.675	-25.8868
53.5	0	-96.6364	-41.5074
53.5	1	-144.015	-34.3701
53.5	2	-161.679	-26.1465
53.6	0	-96.7592	-41.6672
53.6	1	-143.903	-34.0723
53.6	2	-161.682	-26.4063
53.7	0	-96.8821	-41.827
53.7	1	-143.788	-33.7896
53.7	2	-161.686	-26.666
53.8	0	-97.005	-41.9868
53.8	1	-143.566	-34.0053
53.8	2	-161.59	-26.9572
53.9	0	-97.1052	-42.1362
53.9	1	-143.343	-34.2209
53.9	2	-161.368	-27.2885
54	0	-96.8611	-42.1285
54	1	-143.121	-34.4366
54	2	-161.146	-27.6198
54.1	0	-96.617	-42.1208
54.1	1	-142.856	-34.2928
54.1	2	-161.096	-27.4308
54.2	0	-96.373	-42.113
54.2	1	-142.582	-34.0607
54.2	2	-161.059	-27.2034
54.3	0	-96.1289	-42.1053
54.3	1	-142.316	-33.8363
54.3	2	-161.021	-26.9761
54.4	0	-96.3424	-41.8153
54.4	1	-142.448	-33.9925
54.4	2	-160.984	-26.7487
54.5	0	-96.5715	-41.5156
54.5	1	-142.579	-34.1487
54.5	2	-160.966	-26.4355
54.6	0	-96.8416	-41.365
54.6	1	-142.711	-34.3048
54.6	2	-160.963	-26.063
54.7	0	-97.2002	-41.5366
54.7	1	-142.843	-34.461
54.7	2	-160.96	-25.6904
54.8	0	-97.5588	-41.7082
54.8	1	-142.914	-34.6207
54.8	2	-161.011	-25.4702
54.9	0	-97.6605	-41.575
54.9	1	-142.565	-34.8048
54.9	2	-161.068	-25.2656
55	0	-97.6982	-41.3659
55	1	-142.215	-34.9889
55	2	-161.126	-25.061
55.1	0	-97.7359	-41.1568
55.1	1	-142	-34.8409
55.1	2	-161.183	-24.8564
55.2	0	-97.7736	-40.9477
55.2	1	-141.876	-34.4665
55.2	2	-161.274	-24.6595
55.3	0	-97.8207	-40.7769
55.3	1	-141.765	-34.1006
55.3	2	-161.501	-24.4932
55.4	0	-97.9575	-40.9754
55.4	1	-141.848	-33.8721
55.4	2	-161.728	-24.3269
55.5	0	-98.0944	-41.1739
55.5	1	-141.931	-33.6436
55.5	2	-161.955	-24.1606
55.6	0	-98.2313	-41.3723
55.6	1	-142.014	-33.4151
55.6	2	-162.161	-23.8843
55.7	0	-98.3682	-41.5708
55.7	1	-142.097	-33.1865
55.7	2	-162.357	-23.5475
55.8	0	-98.2681	-41.3206
55.8	1	-141.793	-33.309
55.8	2	-162.559	-23.2171
55.9	0	-98.1547	-41.045
55.9	1	-141.467	-33.4517
55.9	2	-162.838	-22.9625
56	0	-98.0412	-40.7694
56	1	-141.236	-33.5612
56	2	-163.117	-22.7079
56.1	0	-97.8538	-40.6986
56.1	1	-141.607	-33.4591
56.1	2	-163.263	-22.4267
56.2	0	-97.6154	-40.7695
56.2	1	-141.978	-33.3571
56.2	2	-163.234	-22.1104
56.3	0	-97.3769	-40.8403
56.3	1	-142.189	-33.5128
56.3	2	-163.204	-21.7941
56.4	0	-97.1385	-40.9111
56.4	1	-142.261	-33.8897
56.4	2	-163.2	-21.6346
56.5	0	-96.8542	-40.8891
56.5	1	-142.334	-34.2666
56.5	2	-163.262	-21.8728
56.6	0	-96.5354	-40.7973
56.6	1	-142.483	-34.0389
56.6	2	-163.324	-22.111
56.7	0	-96.2167	-40.7055
56.7	1	-142.638	-33.7677
56.7	2	-163.386	-22.3492
56.8	0	-96.2042	-40.597
56.8	1	-142.793	-33.4965
56.8	2	-163.469	-22.4879
56.9	0	-96.436	-40.4751
56.9	1	-142.885	-33.7073
56.9	2	-163.626	-22.2738
57	0	-96.6677	-40.3533
57	1	-142.952	-34.094
57	2	-163.784	-22.0598
57.1	0	-96.8995	-40.2315
57.1	1	-143.032	-34.3814
57.1	2	-163.941	-21.8457
57.2	0	-97.1558	-40.2896
57.2	1	-143.168	-34.2331
57.2	2	-164.118	-21.5911
57.3	0	-97.4208	-40.4119
57.3	1	-143.304	-34.0848
57.3	2	-164.317	-21.2881
57.4	0	-97.6858	-40.5341
57.4	1	-143.44	-33.9365
57.4	2	-164.517	-20.9851
57.5	0	-97.7914	-40.5983
57.5	1	-143.575	-33.7882
57.5	2	-164.347	-21.0203
57.6	0	-97.5434	-40.5339
57.6	1	-143.701	-33.6163
57.6	2	-164.019	-21.2002
57.7	0	-97.2955	-40.4695
57.7	1	-143.786	-33.356
57.7	2	-163.702	-21.381
57.8	0	-97.0475	-40.4051
57.8	1	-143.872	-33.0957
57.8	2	-163.76	-21.5958
57.9	0	-96.7844	-40.3414
57.9	1	-143.957	-32.8354
57.9	2	-163.818	-21.8107
58	0	-96.499	-40.2788
58	1	-143.796	-32.7486
58	2	-163.875	-22.0255
58.1	0	-96.2137	-40.2162
58.1	1	-143.442	-32.7971
58.1	2	-163.933	-22.2403
58.2	0	-95.9284	-40.1536
58.2	1	-143.088	-32.8456
58.2	2	-164.095	-22.4549
58.3	0	-96.214	-40.0168
58.3	1	-143.156	-33.0049
58.3	2	-164.348	-22.6693
58.4	0	-96.509	-39.8788
58.4	1	-143.356	-33.1986
58.4	2	-164.601	-22.8837
58.5	0	-96.8039	-39.7409
58.5	1	-143.555	-33.3923
58.5	2	-164.548	-22.9626
58.6	0	-97.007	-39.5969
58.6	1	-143.721	-33.499
58.6	2	-164.208	-22.9139
58.7	0	-97.2014	-39.4523
58.7	1	-143.719	-33.1681
58.7	2	-163.867	-22.8652
58.8	0	-97.3957	-39.3077
58.8	1	-143.717	-32.8372
58.8	2	-163.807	-23.0256
58.9	0	-97.59	-39.1631
58.9	1	-143.699	-32.5823
58.9	2	-163.928	-23.3217
59	0	-97.4174	-39.2956
59	1	-143.592	-32.7797
59	2	-164.05	-23.6178
59.1	0	-97.1439	-39.5043
59.1	1	-143.485	-32.9771
59.1	2	-163.964	-23.7535
59.2	0	-96.8704	-39.713
59.2	1	-143.377	-33.1746
59.2	2	-163.653	-23.717
59.3	0	-96.6572	-39.4603
59.3	1	-143.27	-33.372
59.3	2	-163.343	-23.6805
59.4	0	-96.4525	-39.1432
59.4	1	-143.097	-33.254
59.4	2	-163.095	-23.5595
59.5	0	-96.3457	-38.9357
59.5	1	-142.895	-32.9973
59.5	2	-163.006	-23.2204
59.6	0	-96.5702	-39.099
59.6	1	-142.693	-32.7407
59.6	2	-162.918	-22.8813
59.7	0	-96.7948	-39.2623
59.7	1	-142.616	-32.4951
59.7	2	-162.964	-22.6659
59.8	0	-97.0193	-39.4255
59.8	1	-142.61	-32.2561
59.8	2	-163.194	-22.6172
59.9	0	-97.1637	-39.324
59.9	1	-142.605	-32.0171
59.9	2	-163.423	-22.5684
